R		G		B
109		167		131
Count
2
Sprite Info

Index		Name
0			Animation1

			FramesCount
			3

			Animation Info
			LocationX		LocationY		FrameWidth		FrameHeight
			168				285				32				28
			212				285				24				28
			258				285				12				28


Index		Name
1			Animation2

			FramesCount
			3

			Animation Info
			LocationX		LocationY		FrameWidth		FrameHeight
			258				285				12				28
			212				285				24				28
			168				285				32				28

			

